Summary 0.91 50 1.5625 0.546063352642 92.170693369
Summary 0.78 55 1.5625 0.546063352642 105.292215689
Summary 0.61 60 1.5625 0.546063352642 131.771353293
Summary 1.45 65 1.5625 0.546063352642 54.2297398486
Summary 4.16 70 1.5625 0.546063352642 18.4821442433
Summary 3.41 75 1.5625 0.546063352642 22.0346971623
Summary 3.07 80 1.5625 0.546063352642 23.905835373
Summary 2.35 85 1.5625 0.546063352642 30.4866007943
Summary 0.0 90 1.5625 0.546063352642 inf
Summary 0.0 95 1.5625 0.546063352642 inf
Summary 0.0 100 1.5625 0.546063352642 inf
Summary 4.92 105 1.5625 0.546063352642 13.141036779
Summary 4.48 110 1.5625 0.546063352642 14.0416290679
Summary 3.79 115 1.5625 0.546063352642 16.1369645108
Summary 3.28 120 1.5625 0.546063352642 18.1133209657
Summary 2.68 125 1.5625 0.546063352642 21.516526134
Summary 2.15 130 1.5625 0.546063352642 26.007854563
Summary 1.72 135 1.5625 0.546063352642 31.4938863849
Summary 1.37 140 1.5625 0.546063352642 38.2642933238
Summary 1.14 145 1.5625 0.546063352642 44.4514729168
Summary 0.94 150 1.5625 0.546063352642 52.0502940391
Summary 0.91 155 1.5625 0.546063352642 51.8460150201
Summary 0.97 160 1.5625 0.546063352642 46.837598907
Summary 0.9 165 1.5625 0.546063352642 48.5389646793
Summary 3.05 170 1.5625 0.546063352642 13.7500542567
Summary 2.45 175 1.5625 0.546063352642 16.4041888794
Summary 0.0 180 1.5625 0.546063352642 inf
Summary 0.0 185 1.5625 0.546063352642 inf
Summary 0.0 190 1.5625 0.546063352642 inf
Summary 0.0 195 1.5625 0.546063352642 inf
Summary 0.0 200 1.5625 0.546063352642 inf
Summary 4.92 205 1.5625 0.546063352642 6.03777365523
Summary 4.23 210 1.5625 0.546063352642 6.60956114782
Summary 3.54 215 1.5625 0.546063352642 7.40424884938
Summary 3.1 220 1.5625 0.546063352642 7.89149619302
Summary 2.42 225 1.5625 0.546063352642 9.38687416112
Summary 1.98 230 1.5625 0.546063352642 10.5903195664
Summary 1.6 235 1.5625 0.546063352642 12.0133937581
Summary 1.41 240 1.5625 0.546063352642 12.3929271522
Summary 1.2 245 1.5625 0.546063352642 13.1055204634
Summary 1.14 250 1.5625 0.546063352642 12.2624752874
Summary 1.18 255 1.5625 0.546063352642 10.3659483891
Summary 0.96 260 1.5625 0.546063352642 10.9212670528
Summary 1.21 265 1.5625 0.546063352642 7.22067243163
Summary 1.61 270 1.5625 0.546063352642 4.3413732384
Summary 1.27 275 1.5625 0.546063352642 4.1277229806
Summary 0.66 280 1.5625 0.546063352642 5.2951597832
